  6.6162400e-001 -8.5365184e-002 -7.3265012e-001
 -4.9587941e-001 -2.4517454e-001 -6.4842874e-001
 -4.7351468e-001 -3.6120395e-001 -7.5479660e-001
  1.2746585e-001  3.1851414e-001 -7.3289589e-001
 -5.2058693e-001  4.9542066e-001  5.3510512e-001
 -4.8887182e-001 -4.6866364e-001 -8.2983001e-001
 -6.8879637e-001 -6.0067130e-001  5.1753112e-001
 -8.5497684e-001  4.0418331e-001 -8.9107451e-001
 -7.1143026e-001  9.9165408e-001  7.3004992e-001
 -2.9180586e-001 -3.8109333e-001  9.6433347e-001
 -7.2145191e-001  5.5773158e-001 -2.0527597e-001
 -3.0585265e-001 -4.6543168e-001 -5.1022544e-001
  4.0637415e-001 -6.9603728e-002  1.7014859e-001
  7.8643329e-001 -4.1571635e-001 -9.4464424e-001
  8.1374811e-001  6.6445345e-001 -5.3090551e-001
  3.2137867e-001 -5.8871929e-001 -6.0511526e-001
 -9.9065241e-001  1.0497124e-001  2.5162829e-001
 -9.5784181e-002  1.5526476e-001 -4.6521042e-001
 -9.9915595e-001 -8.1400134e-001 -9.2058958e-001
  6.7178574e-001  7.0290136e-001 -3.3681942e-001
  1.9943311e-001 -1.2765289e-001  5.3793073e-001
 -6.5703145e-001 -7.2755323e-001  1.2869237e-002
  8.7380668e-001  6.8816450e-002  5.9807500e-001
  9.0260384e-001  6.2730119e-002  3.0511217e-001
 -9.1516143e-002 -1.1181909e-001  6.5660287e-001
  1.1546397e-001  6.0298767e-001  4.1385055e-001
  1.1281568e-001  9.3157825e-002 -2.9644131e-001
  4.9294498e-001  9.2619730e-001  5.9807866e-001
 -3.3438519e-001 -1.1885794e-002  2.3545435e-001
 -2.1165568e-001  7.0302220e-001 -3.0589225e-001
  7.7872086e-001 -3.8548460e-002  1.1603644e-001
  3.4772415e-001  1.9978285e-001 -2.4961130e-001
  1.8085858e-001 -3.0989266e-001 -3.6594699e-001
 -1.8129944e-001  9.0032452e-001 -2.4575083e-001
 -6.7941633e-001 -9.5028038e-001  6.3761511e-001
  3.9836743e-001 -6.3859164e-001 -8.0974818e-001
 -3.5949014e-001  4.9153687e-002  1.2601723e-001
  5.4139061e-001 -8.4802254e-001 -7.1479896e-001
 -9.5316902e-002  8.8228243e-003  2.8520876e-001
 -4.8732431e-001 -4.5972896e-001 -6.6460996e-001
 -5.4525005e-001 -1.7598952e-002  2.1441862e-001
 -8.8712919e-001  1.9619938e-002 -2.4769429e-001
  8.7593157e-001 -2.1805187e-001 -7.9782587e-001
 -8.4576769e-001 -8.1760938e-001  4.3921439e-001
 -5.5732481e-001 -9.5807743e-001 -4.0728395e-001
 -7.0694637e-001  3.5234283e-001 -1.7412320e-001
  5.2513656e-002  5.9701245e-001 -1.1818829e-002
  9.5379542e-001  4.3963933e-001 -9.8177093e-001
  6.6131454e-001  7.1340199e-001  1.4718127e-001
 -9.8150275e-001 -1.1676534e-001 -4.7512271e-001
 -5.1086723e-001 -1.4552512e-001  1.5938977e-001
  5.3854317e-001 -7.0490877e-001  5.9828071e-001
 -4.8475241e-001  7.6632589e-001 -3.6078280e-001
 -5.4235366e-001  6.6199522e-001  1.5362856e-001
  1.6399748e-001  3.0566632e-001 -6.6610215e-001
 -6.6858765e-001 -9.5268081e-001  2.9358943e-001
 -8.1238554e-002  6.2361682e-001 -8.7202756e-001
  9.2418710e-002 -7.1873635e-001  1.9819004e-001
  8.7459962e-001 -6.0422284e-001  8.2678325e-001
 -7.9110099e-001 -3.4322099e-002 -8.5152311e-001
 -5.8928551e-001 -1.2157331e-001  7.1741121e-001
  9.1223128e-001 -1.2888551e-001 -1.7871914e-001
  1.9311320e-001 -3.4647906e-001  7.2642589e-001
 -2.3936029e-003 -2.2928327e-001  4.3601737e-001
  8.5548578e-002 -1.8504391e-001 -3.3029008e-002
 -3.1761274e-001 -1.1735069e-001 -3.1311931e-001
  3.8033927e-001  3.6216069e-001  8.3471400e-001
  3.8622624e-001 -6.9556430e-001 -3.4923168e-001
 -7.7576838e-001 -3.3923380e-001  4.9745304e-001
 -4.3439808e-001 -9.2852987e-001  1.9847942e-001
 -4.5170919e-001  1.2357890e-001  9.9063597e-001
 -1.5047460e-001  9.7334919e-001 -9.2017420e-001
  8.6671504e-002  6.8796381e-001  6.0771786e-001
 -3.7169937e-001  8.4873283e-001  6.5261044e-001
 -8.4441358e-001 -5.9091068e-002  8.5641397e-001
  2.7533758e-001 -4.0135128e-001  4.8900184e-001
 -5.0708912e-001 -6.4687293e-001  6.6174516e-003
  7.0059739e-002 -5.0597301e-001  1.1161935e-001
  7.2721385e-001  2.8313197e-001  5.9906269e-001
 -5.3475278e-001  4.0997362e-001  4.2657146e-001
  8.3767403e-001  7.8742267e-001  2.1276693e-001
 -4.8885600e-001 -2.0277057e-001  3.4984366e-002
  6.9628020e-001  3.8139786e-001  1.5390854e-001
  4.2225718e-001  8.7634695e-001  7.6316342e-001
  3.1324714e-001  7.4476322e-001 -7.6453671e-001
  4.2374384e-001 -1.3724916e-001 -7.4671301e-001
 -7.7634274e-002 -7.9923637e-001 -7.6573584e-001
  9.8605166e-001  5.7028134e-001  7.1845916e-001
 -8.3030164e-001 -8.7970279e-001  8.3521430e-001
  3.4201270e-001  2.0750121e-001 -5.2718081e-001
  6.2575265e-001 -9.7521100e-001 -3.7119972e-001
 -2.7494850e-001  9.4056455e-001  6.8352148e-002
 -5.6839669e-001  9.5679817e-001  9.0690146e-001
 -8.3609376e-001 -2.2780899e-001 -7.8569756e-001
 -9.2080723e-001 -7.1031493e-003  6.1736943e-001
  6.0903596e-001  6.7305096e-002 -8.0325168e-001
  7.6698702e-001  7.5083018e-001 -7.9713519e-001
  4.9899782e-001  6.5639722e-001  6.8100909e-002
  3.3929223e-002  2.4844667e-001 -3.5677017e-001
  2.1792428e-001  6.5341635e-001 -3.1478393e-002
 -7.7774862e-001  3.7895874e-001 -8.4045712e-001
  3.3434549e-001 -6.5540610e-001  5.8965299e-001
 -7.7547696e-001  5.5875852e-001 -9.4551775e-001
  9.4579907e-001  4.4897700e-002  5.9564752e-001
  8.1602844e-002 -5.0100119e-001 -3.2708131e-001
