82  0.0  1
58  0.0  2
106 0.0  1
58  0.0  2
63  0.0  1
62  0.0  2
99  0.0  1
58  0.0  2
101 0.0  1
73  0.0  2
45  0.5  1
27  0.5  2
34  0.5  1
28  0.5  2
26  0.5  1
31  0.5  2
44  0.5  1
28  0.5  2
42  0.5  1
38  0.5  2
31  0.75 1
19  0.75 2
22  0.75 1
20  0.75 2
16  0.75 1
22  0.75 2
30  0.75 1
20  0.75 2
29  0.75 1
28  0.75 2
22  1.0  1
14  1.0  2
14  1.0  1
14  1.0  2
10  1.0  1
15  1.0  2
21  1.0  1
14  1.0  2
20  1.0  1
21  1.0  2
15  1.25 1
9   1.25 2
8   1.25 1
10  1.25 2
6   1.25 1
12  1.25 2
14  1.25 1
10  1.25 2
13  1.25 1
16  1.25 2
10  1.5  1
7   1.5  2
8   1.5  1
3   1.5  2
11  1.5  1
1   1.5  2
10  1.5  1
8   1.5  2
10  1.5  1
7   1.5  2
8   1.75 1
4   1.75 2
8   1.75 1
3   1.75 2
3   1.75 1
2   1.75 2
8   1.75 1
8   1.75 2
1   1.75 1
4   1.75 2