   -0.2375   -6.3342   -0.4814  -24.5453   -0.6508   19.0000  -12.3646    4.1221   19.8100
   -0.2335   -6.1642   -0.4234  -20.6353   -0.5208   19.4100  -10.1081    3.2101   19.8200
   -0.2601   -5.9752   -0.3994  -20.9553   -1.1808   20.9300  -24.7134    7.0554   19.8300
   -0.2279   -5.9732   -0.3964  -21.6553   -0.0508   21.7800   -1.1057    0.3032   19.8400
   -0.1187   -5.6432   -0.3864  -11.3553    0.8992   23.6800   21.2938   -5.0746   19.8500
   -0.0646   -5.4292   -0.3214  -13.6753   -2.0708   26.0100  -53.8606   11.2427   19.8600
   -0.1506   -5.2162   -0.3134  -24.6253   -3.3208   27.5200  -91.3875   17.3219   19.8700
   -0.1934   -5.1662   -0.3534  -23.1053   -1.7408   26.8900  -46.8092    8.9932   19.8800
   -0.1494   -4.8062   -0.2844  -22.8453   -0.0238   26.8500   -0.6381    0.1142   19.8900
   -0.1354   -4.5762   -0.2704  -22.0053   -2.5998   27.2300  -70.7916   11.8971   19.9000
   -0.1564   -4.4032   -0.2654  -23.6653   -1.9108   25.4600  -48.6481    8.4136   19.9100
   -0.1484   -3.9982   -0.2104  -23.1953   -0.6358   23.8800  -15.1821    2.5419   19.9200
   -0.1484   -3.6892   -0.1674  -23.1653    0.7882   22.6200   17.8298   -2.9080   19.9300
   -0.1304   -3.2792   -0.1154  -11.8853    0.0492   23.7200    1.1678   -0.1614   19.9400
   -0.1024   -2.7552   -0.0344    0.2247   -0.4638   24.5000  -11.3623    1.2778   19.9500
   -0.0904   -2.1062    0.0456    8.9147   -3.6028   24.5000  -88.2678    7.5883   19.9600
   -0.0704   -1.6732    0.0676   -4.7853   -2.3418   24.9800  -58.4973    3.9183   19.9700
   -0.0344   -0.9512    0.1306    5.9347   -0.1068   25.5800   -2.7311    0.1016   19.9800
    0.0226   -0.2812    0.1786   15.4847   -0.5658   27.1800  -15.3775    0.1591   19.9900
    0.1256    0.1878    0.1456   12.2747   -0.8708   28.7200  -25.0084   -0.1635   20.0000
    0.0636    0.9978    0.1636   -2.1453    5.2842   29.0000  153.2428    5.2724   20.0100
    0.0556    2.0748    0.2646   -3.8053    8.2242   26.6700  219.3403   17.0634   20.0200
    0.1386    3.4298    0.3656   26.1247    5.0142   25.3300  127.0105   17.1977   20.0300
    0.3166    4.4928    0.3606   41.1747   -2.0358   34.0600  -69.3382   -9.1462   20.0400
    0.1856    5.6518    0.2456    9.0747   -3.8468   39.7900 -153.0628  -21.7410   20.0500
    0.2396    7.3648    0.3656   31.4747   -0.0848   44.4900   -3.7713   -0.6243   20.0600
    0.2116    9.2358    0.4386   28.4847    4.3372   51.2300  222.1965   40.0577   20.0700
    0.2086   11.6398    0.5196   24.3947    4.6722   54.4200  254.2629   54.3837   20.0800
    0.5266   16.6518    0.5926   46.9847    1.9312   61.0100  117.8245   32.1584   20.0900
    0.5576   16.6948    0.5386   47.5047   -2.5758   70.8700 -182.5446  -43.0018   20.1000
